48	 	 	 	   , 	 	   	32  	  	 ,    		     	  229		  ,    112 		    ,   		 	        215  ,    38  ,  		20      		,	  	174    ,	 	    118 ,     	205		       	,   	  44, 		      		 44	 ,					   		 174  	  ,	 	  	233 ,	 	  	    	213 	      ,    	      	   	 56     ,  		        48          ,      	     104 , 		      	 117   	  	 , 	 	       175	   ,		            	  	 26  , 		   	 		38	  ,	     	  	   	  	151        	, 	        101   			  	,  	   252    		   ,	   
	   16		  ,   	 	 	32 	       	,      		 	   	109	     	   ,  	   	  	140		      	,   	 103     ,   	     
			 44		    	 , 	     	        30  	      	,       	131,  246 	      , 	  	     210  	     ,             	   44 	  ,   	       50      ,         	164	  ,   	 	  	  	 122 	    	,   	         203	   ,    	 		     16			  		 	 ,	       26         ,          	   175,   			        122 ,   	118 	  	  , 8   		  ,    		   		   16          ,    		 106  		  	   ,		  217	,     238		 	  ,  	 	52      	,	  	   46     	,	   	    191	      , 	  	               106   	  	   , 	      	   		   114 , 
 	 52       ,         14	  	 	   	, 	          118	         ,     	   	 124        ,           	   	 236 ,   	 	
56      	,       		      	52   ,	  	  128	 	 	    ,	   201   ,     	   		170		 	 	 	 ,        
    	    36 		, 	 	       	34  	,	     		   243  ,	 	  			 154	 	    , 	     	  128 ,  
	 42 		 		,             	18    	  			,  	     	       246		      ,  	   	    		192   ,	    		  233			  	   ,  	    	    24 ,  	  	 	 32		        ,  	 	  	    		 208 	  ,  	  253  	, 		  	 	     220   	, 16     , 	     		   	    28   	 	,  	  	 		   	      254       	,    		 	111    		 	  ,    	 	 196          ,  	   	       	 58 	 	  ,   8	   		,    		208 		  , 	      213 ,  	   158      	   , 	 		 	  		   	60,    	     	32	     ,  	   	     184	   ,	 	  230	    	   ,     145  ,				     
  	    	46     	, 		   			 	  	    28	  , 	 		 	 	  147          ,   			   	  	159  	  	,	 		       179 	 	    , 	  	 8 	  	   	 ,     	40,  	   	      	 168   	 ,  247  ,	     187  	     , 	   	    50        ,     	    20	,	 	103 ,            160  	   	,   144	   	 	  ,		      
    8 	,      	      24  ,	 207    	,    	  111   	 ,	          	       229	 ,   	 
 	     	32  	  ,	 		  	       54 	,  252      	   ,			   	  145	 ,     112 		 ,        	 	       10    	,                 44,   		 	       234       	 ,   	     	105	, 	        133     ,	       	 52  	  	  ,      30 ,   		163 , 	 229  	    	  ,      	  230	        ,     	 	 	 		   24  ,	42    ,  	        	211   ,        215  	     , 	 	              	229,          6 	  , 	 52 	       ,   		 		  186      ,         126 	,	  		     	110  	  	  ,  
         62,		 	  	  18			     ,         		 160      ,  	     	 100   , 	   	   234		   	   	,             	 40        ,  	       	 	10    ,      165    	,      	113 	     	,           127  ,          18 , 	  	 60       ,	        102      ,	     	     138   ,     157    ,    38	    	 		,    	   12  ,	      	    237       	,       246,        	188	     	  ,        34 ,    	 36	   ,        	 182          ,      	   	 	       208,   152 ,			 
 14   ,	 	8 	   		  ,       	     	 	  201,    	   	  118,  	  	  		 	106     	  ,	            26	 	     ,  	    	    	   18       	, 	 	233        ,	159	  ,		   228         ,  	 		     22       	 	,  		      42 	  			 ,		 		  	192,     			220,   	  	  166    	,		       	
    	     18     	    ,  		        	  	  46      	  ,   	         124,        115	       	,  242    ,  	28   ,	        		 	 42   		 	 ,  	    	    186 		     ,    	   141	   	 ,  	   	     	104 ,     46	       , 	  	 16,  		     		 	  174, 		        226 	 ,	 	   215   	    ,  
	 	    	  18  ,         	   52         	,    		      157 ,	          206  	   ,      			       	238	      , 	 	  	 18    ,    	        12	 	 	,          	  168  	  , 	 	      172	      ,	   		    207 	 ,      	  	 			30 ,	  	  	  	  		 		 40 ,        		 143  , 	     	   151    ,        		   252	  ,    
         58  	,     38	  	 ,          106      	  ,    	           254	  	 	,            131  	  	    ,    	    34	 	   ,       	 	  10 ,       	  	127,    	  	 211	   ,     	     	     		136    ,	      56     ,	 	    		     	8     ,      	           231 ,      		    	  	109    ,   		    122	 	   ,			 50 , 	      	 		44   	,      	 195   , 	      	195    	  ,	    	      124	       ,   	 14  	    ,       	  10      ,       219	 ,			      128    ,  		    	  	    226,		  		 
	    	 	  58   	   ,      		 	 30   ,205  	,	        	215  	   ,   			 	 	 136      	 	,    
